Equipo,TL,TE,OG,PSxG,PSxG/SoT,PSxG+/-,Temporada
Alaves,0.05,0.18,0.05,1.30,0.25,0.04,2017-2018
Athletic Club,0.08,0.13,0.08,1.37,0.28,0.16,2017-2018
Atletico de Madrid,0.03,0.05,0.03,0.87,0.23,0.32,2017-2018
Barcelona,0.00,0.03,0.00,0.97,0.26,0.21,2017-2018
Betis,0.00,0.18,0.11,1.27,0.29,-0.23,2017-2018
Celta Vigo,0.00,0.21,0.03,1.30,0.29,-0.25,2017-2018
Eibar,0.05,0.08,0.08,1.26,0.34,0.02,2017-2018
Espanyol,0.03,0.13,0.05,1.24,0.26,0.19,2017-2018
Getafe,0.00,0.08,0.00,1.11,0.31,0.24,2017-2018
Girona,0.08,0.05,0.08,1.52,0.32,0.05,2017-2018
Deportivo de La Coruna,0.11,0.29,0.08,1.64,0.33,-0.28,2017-2018
Las Palmas,0.03,0.18,0.03,1.94,0.33,0.02,2017-2018
Leganes,0.11,0.11,0.00,1.36,0.30,0.02,2017-2018
Levante,0.03,0.21,0.08,1.52,0.29,0.08,2017-2018
Malaga,0.03,0.08,0.00,1.75,0.36,0.15,2017-2018
Real Madrid,0.00,0.18,0.05,1.19,0.30,0.09,2017-2018
Real Sociedad,0.05,0.18,0.03,1.39,0.30,-0.14,2017-2018
Sevilla,0.03,0.16,0.03,1.36,0.32,-0.14,2017-2018
Valencia,0.03,0.13,0.00,1.33,0.28,0.33,2017-2018
Villarreal,0.03,0.16,0.00,1.34,0.28,0.02,2017-2018
Alaves,0.08,0.05,0.05,1.38,0.29,0.12,2018-2019
Athletic Club,0.00,0.16,0.00,1.13,0.32,-0.06,2018-2019
Atletico de Madrid,0.00,0.11,0.05,1.11,0.28,0.40,2018-2019
Barcelona,0.00,0.05,0.03,1.06,0.30,0.14,2018-2019
Betis,0.05,0.21,0.00,1.36,0.31,-0.01,2018-2019
Celta Vigo,0.11,0.13,0.03,1.57,0.32,-0.03,2018-2019
Eibar,0.05,0.08,0.03,1.16,0.31,-0.13,2018-2019
Espanyol,0.13,0.18,0.05,1.36,0.27,0.10,2018-2019
Getafe,0.03,0.05,0.05,1.06,0.26,0.19,2018-2019
Girona,0.05,0.16,0.05,1.61,0.27,0.26,2018-2019
Huesca,0.05,0.03,0.08,1.62,0.31,-0.01,2018-2019
Leganes,0.05,0.08,0.03,1.14,0.30,0.03,2018-2019
Levante,0.03,0.16,0.05,1.81,0.27,0.13,2018-2019
Rayo Vallecano,0.00,0.26,0.03,1.73,0.30,-0.08,2018-2019
Real Madrid,0.00,0.16,0.00,1.26,0.31,0.05,2018-2019
Real Sociedad,0.03,0.29,0.05,1.05,0.27,-0.11,2018-2019
Sevilla,0.05,0.11,0.00,1.32,0.28,0.09,2018-2019
Valencia,0.05,0.16,0.05,1.12,0.23,0.25,2018-2019
Valladolid,0.03,0.21,0.03,1.40,0.29,0.08,2018-2019
Villarreal,0.05,0.13,0.08,1.47,0.28,0.18,2018-2019
Alaves,0.08,0.08,0.00,1.49,0.27,-0.06,2019-2020
Athletic Club,0.05,0.05,0.05,1.05,0.28,0.10,2019-2020
Atletico de Madrid,0.03,0.11,0.08,0.78,0.24,0.15,2019-2020
Barcelona,0.05,0.03,0.00,0.96,0.26,-0.04,2019-2020
Betis,0.03,0.11,0.03,1.44,0.29,-0.11,2019-2020
Celta Vigo,0.08,0.08,0.00,1.21,0.28,-0.08,2019-2020
Eibar,0.05,0.08,0.03,1.37,0.35,-0.07,2019-2020
Espanyol,0.00,0.11,0.05,1.43,0.31,-0.04,2019-2020
Getafe,0.00,0.05,0.05,1.01,0.30,0.09,2019-2020
Granada,0.03,0.13,0.00,1.21,0.27,0.02,2019-2020
Leganes,0.05,0.18,0.03,1.22,0.29,-0.09,2019-2020
Levante,0.03,0.24,0.05,1.43,0.23,0.09,2019-2020
Mallorca,0.05,0.18,0.03,1.68,0.26,-0.01,2019-2020
Osasuna,0.08,0.13,0.00,1.34,0.33,-0.08,2019-2020
Real Madrid,0.00,0.13,0.00,0.81,0.26,0.15,2019-2020
Real Sociedad,0.05,0.11,0.03,1.19,0.26,-0.04,2019-2020
Sevilla,0.08,0.05,0.03,0.85,0.24,-0.02,2019-2020
Valencia,0.08,0.11,0.03,1.32,0.22,-0.05,2019-2020
Valladolid,0.05,0.13,0.00,1.26,0.29,0.13,2019-2020
Villarreal,0.00,0.26,0.05,1.19,0.22,-0.05,2019-2020
Alaves,0.00,0.13,0.00,1.34,0.35,-0.16,2020-2021
Athletic Club,0.03,0.16,0.03,0.98,0.29,-0.09,2020-2021
Atletico de Madrid,0.00,0.13,0.08,0.87,0.25,0.29,2020-2021
Barcelona,0.03,0.13,0.05,0.95,0.24,0.00,2020-2021
Betis,0.03,0.11,0.08,1.23,0.28,-0.01,2020-2021
Cadiz,0.05,0.11,0.03,1.42,0.30,-0.08,2020-2021
Celta Vigo,0.05,0.11,0.03,1.31,0.32,-0.17,2020-2021
Eibar,0.00,0.13,0.00,1.25,0.33,-0.12,2020-2021
Elche,0.00,0.16,0.03,1.55,0.32,0.13,2020-2021
Getafe,0.00,0.08,0.08,1.04,0.29,-0.01,2020-2021
Granada,0.05,0.11,0.03,1.63,0.31,-0.06,2020-2021
Huesca,0.03,0.26,0.05,1.27,0.29,-0.07,2020-2021
Levante,0.03,0.16,0.05,1.32,0.29,-0.13,2020-2021
Osasuna,0.00,0.13,0.05,1.24,0.30,0.03,2020-2021
Real Madrid,0.00,0.08,0.03,0.86,0.22,0.15,2020-2021
Real Sociedad,0.00,0.11,0.03,0.92,0.30,-0.05,2020-2021
Sevilla,0.00,0.11,0.05,0.88,0.24,0.07,2020-2021
Valencia,0.08,0.13,0.05,1.27,0.24,-0.07,2020-2021
Valladolid,0.03,0.13,0.00,1.41,0.30,-0.09,2020-2021
Villarreal,0.00,0.08,0.05,1.02,0.25,-0.09,2020-2021
Alaves,0.00,0.26,0.00,1.54,0.30,-0.17,2021-2022
Athletic Club,0.00,0.05,0.03,0.97,0.26,0.05,2021-2022
Atletico de Madrid,0.05,0.11,0.08,0.85,0.23,-0.20,2021-2022
Barcelona,0.03,0.18,0.00,0.90,0.26,-0.10,2021-2022
Betis,0.00,0.08,0.05,1.03,0.27,0.03,2021-2022
Cadiz,0.00,0.26,0.00,1.39,0.24,0.05,2021-2022
Celta Vigo,0.00,0.03,0.05,1.14,0.27,0.06,2021-2022
Elche,0.00,0.16,0.00,1.43,0.27,0.07,2021-2022
Espanyol,0.00,0.11,0.05,1.41,0.30,0.07,2021-2022
Getafe,0.00,0.13,0.03,1.08,0.29,0.02,2021-2022
Granada,0.00,0.18,0.05,1.58,0.27,0.03,2021-2022
Levante,0.03,0.34,0.00,1.73,0.30,-0.27,2021-2022
Mallorca,0.03,0.13,0.11,1.42,0.30,-0.14,2021-2022
Osasuna,0.00,0.29,0.05,1.29,0.29,0.00,2021-2022
Rayo Vallecano,0.00,0.11,0.03,1.31,0.25,0.02,2021-2022
Real Madrid,0.03,0.05,0.00,0.97,0.25,0.16,2021-2022
Real Sociedad,0.03,0.21,0.00,0.93,0.24,-0.04,2021-2022
Sevilla,0.05,0.16,0.00,0.82,0.24,0.03,2021-2022
Valencia,0.00,0.18,0.08,1.42,0.29,0.11,2021-2022
Villarreal,0.00,0.08,0.03,0.98,0.26,0.03,2021-2022
Almeria,0.03,0.13,0.03,1.67,0.29,-0.02,2022-2023
Athletic Club,0.03,0.03,0.08,0.98,0.29,-0.07,2022-2023
Atletico de Madrid,0.03,0.13,0.00,0.96,0.26,0.09,2022-2023
Barcelona,0.00,0.05,0.08,0.66,0.22,0.21,2022-2023
Betis,0.03,0.18,0.03,1.16,0.29,0.11,2022-2023
Cadiz,0.03,0.18,0.00,1.41,0.22,0.01,2022-2023
Celta Vigo,0.03,0.26,0.03,1.13,0.27,-0.24,2022-2023
Elche,0.00,0.16,0.05,1.89,0.31,0.18,2022-2023
Espanyol,0.03,0.24,0.05,1.43,0.27,-0.33,2022-2023
Getafe,0.00,0.18,0.05,1.20,0.23,0.07,2022-2023
Girona,0.05,0.13,0.00,1.63,0.33,0.18,2022-2023
Mallorca,0.00,0.08,0.00,1.09,0.24,-0.04,2022-2023
Osasuna,0.03,0.08,0.05,1.03,0.26,-0.02,2022-2023
Rayo Vallecano,0.00,0.29,0.11,1.21,0.30,-0.08,2022-2023
Real Madrid,0.00,0.05,0.03,0.90,0.22,-0.02,2022-2023
Real Sociedad,0.03,0.08,0.05,0.86,0.24,-0.01,2022-2023
Sevilla,0.03,0.13,0.08,1.30,0.30,-0.04,2022-2023
Valencia,0.00,0.18,0.05,1.13,0.28,-0.00,2022-2023
Valladolid,0.03,0.00,0.03,1.65,0.28,0.02,2022-2023
Villarreal,0.00,0.11,0.03,1.15,0.27,0.12,2022-2023
Alaves,0.00,0.11,0.05,1.18,0.25,0.02,2023-2024
Almeria,0.00,0.21,0.00,1.85,0.32,-0.12,2023-2024
Athletic Club,0.00,0.05,0.11,1.06,0.28,0.19,2023-2024
Atletico de Madrid,0.00,0.08,0.00,1.05,0.28,-0.08,2023-2024
Barcelona,0.00,0.03,0.00,1.09,0.28,-0.06,2023-2024
Betis,0.08,0.08,0.08,1.25,0.26,0.14,2023-2024
Cadiz,0.00,0.16,0.03,1.36,0.30,-0.06,2023-2024
Celta Vigo,0.00,0.18,0.08,1.47,0.31,0.05,2023-2024
Getafe,0.00,0.18,0.00,1.45,0.29,0.03,2023-2024
Girona,0.00,0.21,0.00,1.34,0.28,0.13,2023-2024
Granada,0.00,0.32,0.05,1.85,0.33,-0.18,2023-2024
Las Palmas,0.00,0.13,0.08,1.35,0.29,0.19,2023-2024
Mallorca,0.03,0.11,0.03,1.15,0.26,0.02,2023-2024
Osasuna,0.00,0.21,0.00,1.36,0.33,-0.11,2023-2024
Rayo Vallecano,0.03,0.13,0.05,1.26,0.31,0.05,2023-2024
Real Madrid,0.00,0.05,0.03,0.91,0.29,0.25,2023-2024
Real Sociedad,0.00,0.13,0.03,1.07,0.27,0.07,2023-2024
Sevilla,0.03,0.11,0.05,1.41,0.28,0.04,2023-2024
Valencia,0.03,0.18,0.05,1.35,0.29,0.22,2023-2024
Villarreal,0.03,0.24,0.03,1.62,0.27,-0.06,2023-2024
