Equipo,Balón vivo,Balón muerto,FK,PL,Camb.,Pcz,Lanz.,SE,Dentro,Fuera,Rect.,PA,Bloqueos,Temporada
Alaves,310.5,51.8,14.9,0.97,3.50,14.7,21.5,3.63,1.61,1.45,0.16,2.84,7.92,2017-2018
Athletic Club,409.6,51.2,15.2,1.13,4.68,21.5,21.6,4.97,2.21,2.47,0.05,2.74,10.1,2017-2018
Atletico de Madrid,438.6,47.5,13.3,1.63,3.53,13.8,20.7,4.39,1.13,2.32,0.11,2.82,9.63,2017-2018
Barcelona,624.5,49.4,15.1,2.97,5.97,10.8,19.7,5.66,2.13,1.74,0.03,3.53,10.1,2017-2018
Betis,519.6,47.8,16.1,1.39,6.11,14.1,17.3,3.66,1.61,0.87,0.13,1.63,8.00,2017-2018
Celta Vigo,503.6,48.5,15.7,1.18,5.66,15.3,18.9,4.03,1.26,0.89,0.03,2.42,8.50,2017-2018
Eibar,413.3,57.1,15.5,0.45,8.50,27.8,27.0,6.03,1.58,3.92,0.05,2.21,10.4,2017-2018
Espanyol,397.7,52.7,15.8,0.89,4.71,18.9,21.9,4.21,1.68,2.29,0.00,2.00,9.95,2017-2018
Getafe,289.3,55.0,15.5,1.39,6.39,15.4,24.1,4.76,1.11,1.92,0.05,2.84,8.95,2017-2018
Girona,368.9,51.0,15.9,0.82,8.92,21.8,20.2,4.63,0.95,1.74,0.53,2.11,7.84,2017-2018
Deportivo de La Coruna,392.7,51.5,13.6,1.13,5.84,19.7,20.9,5.34,2.39,1.42,0.03,2.47,8.50,2017-2018
Las Palmas,462.5,56.1,19.7,1.29,5.18,15.3,20.4,4.61,2.03,1.55,0.00,2.13,8.42,2017-2018
Leganes,336.3,52.9,15.6,0.76,4.26,18.2,23.4,4.00,1.58,1.97,0.03,2.55,9.24,2017-2018
Levante,335.1,51.7,14.2,1.16,4.24,19.1,21.5,4.79,1.61,2.08,0.24,1.84,9.47,2017-2018
Malaga,359.8,52.8,15.3,0.84,4.71,19.5,22.7,4.03,1.66,1.76,0.05,2.34,9.13,2017-2018
Real Madrid,591.7,49.9,14.8,2.03,10.4,23.8,19.2,7.34,1.63,2.89,0.05,3.03,10.2,2017-2018
Real Sociedad,493.3,52.7,15.9,1.18,5.68,20.6,21.7,6.13,2.63,2.45,0.00,2.39,10.1,2017-2018
Sevilla,485.6,52.2,14.9,1.63,3.87,17.3,21.3,5.82,2.55,2.11,0.03,3.61,10.6,2017-2018
Valencia,422.5,49.1,15.7,1.29,5.08,15.9,17.9,5.32,1.58,2.32,0.16,2.18,8.18,2017-2018
Villarreal,443.0,48.7,14.5,1.50,4.82,13.6,18.6,4.71,1.74,1.00,0.13,2.92,8.39,2017-2018
Alaves,316.5,52.0,15.5,0.55,3.18,19.2,21.5,3.82,1.55,1.42,0.05,1.53,9.00,2018-2019
Athletic Club,410.2,50.6,15.2,1.29,4.87,19.2,22.3,4.03,1.47,1.89,0.08,1.95,9.71,2018-2019
Atletico de Madrid,451.3,47.0,12.4,2.03,3.79,15.5,19.2,5.71,2.18,2.53,0.00,2.11,9.32,2018-2019
Barcelona,653.6,46.2,15.1,3.89,5.76,10.4,17.8,5.39,1.79,0.87,0.05,2.68,9.32,2018-2019
Betis,551.1,48.7,16.8,1.32,6.16,15.5,17.3,4.89,1.53,1.50,0.45,2.08,9.50,2018-2019
Celta Vigo,443.7,48.8,14.4,0.92,5.03,17.3,18.3,4.29,1.84,1.53,0.08,2.37,8.26,2018-2019
Eibar,428.3,56.2,14.4,0.53,7.55,27.8,27.4,5.87,0.95,4.00,0.11,2.42,12.2,2018-2019
Espanyol,414.4,50.2,15.2,1.84,4.58,14.3,19.3,4.61,1.18,1.55,0.37,2.21,10.0,2018-2019
Getafe,283.8,56.2,16.3,1.03,6.95,16.8,26.3,4.16,0.89,1.68,0.21,2.68,10.7,2018-2019
Girona,401.1,50.3,15.5,1.03,5.42,19.6,20.2,3.58,1.58,1.55,0.00,1.58,8.26,2018-2019
Huesca,338.6,50.8,14.2,0.87,4.24,20.3,21.3,4.42,2.26,1.45,0.13,2.47,9.05,2018-2019
Leganes,349.3,49.0,12.1,0.50,4.58,19.6,23.1,3.66,1.05,2.13,0.05,1.97,8.08,2018-2019
Levante,334.6,51.7,14.1,0.95,4.82,17.7,19.2,5.29,3.08,1.39,0.11,2.24,9.68,2018-2019
Rayo Vallecano,375.2,52.1,15.5,1.03,5.45,20.6,20.9,4.89,2.21,1.92,0.08,1.87,9.53,2018-2019
Real Madrid,582.8,51.0,16.4,1.50,10.8,20.1,19.8,5.82,1.29,2.45,0.03,2.95,10.3,2018-2019
Real Sociedad,432.8,52.8,15.9,1.61,5.24,16.5,22.3,4.68,2.05,1.87,0.13,2.42,10.0,2018-2019
Sevilla,441.1,50.9,14.7,1.32,5.76,21.4,20.4,5.87,1.79,2.03,0.47,2.92,11.2,2018-2019
Valencia,412.9,49.3,15.2,1.24,5.74,18.8,19.0,5.16,1.61,2.26,0.37,1.97,9.79,2018-2019
Valladolid,373.9,51.9,15.6,0.55,5.37,21.2,19.6,5.29,1.82,1.84,0.16,2.53,9.58,2018-2019
Villarreal,413.6,48.3,13.4,1.26,4.82,16.3,20.1,4.42,1.97,1.68,0.11,2.50,9.03,2018-2019
Alaves,313.4,52.7,14.3,0.45,2.84,14.8,23.2,3.58,1.37,1.39,0.00,1.61,7.32,2019-2020
Athletic Club,391.8,51.1,13.6,0.37,5.26,19.8,23.0,4.68,1.84,1.71,0.16,2.21,8.05,2019-2020
Atletico de Madrid,414.1,50.4,13.4,1.63,3.24,15.1,22.0,4.82,1.58,2.42,0.00,3.05,7.45,2019-2020
Barcelona,695.2,45.4,15.1,2.26,4.82,11.0,16.8,4.87,2.42,0.71,0.05,2.18,8.87,2019-2020
Betis,465.2,54.3,18.4,0.79,5.39,16.4,21.0,4.87,1.76,1.08,0.05,2.21,8.87,2019-2020
Celta Vigo,435.3,51.2,15.6,1.00,3.63,16.7,19.7,4.63,1.61,2.05,0.05,1.84,9.66,2019-2020
Eibar,352.1,55.2,14.0,0.29,5.82,22.9,26.7,4.97,1.82,2.66,0.03,1.92,7.53,2019-2020
Espanyol,378.7,50.2,14.3,0.50,3.84,18.7,21.1,4.11,1.55,1.68,0.16,1.71,7.39,2019-2020
Getafe,299.2,59.0,16.6,0.71,5.66,21.9,28.8,4.87,1.08,1.82,0.05,2.79,9.92,2019-2020
Granada,317.3,52.0,15.3,0.42,3.50,17.6,21.7,4.29,1.68,1.50,0.00,1.84,8.05,2019-2020
Leganes,336.2,52.3,14.9,0.53,4.21,20.3,23.3,4.13,1.11,2.18,0.08,1.97,7.79,2019-2020
Levante,376.9,50.8,14.4,0.89,5.97,18.3,19.7,4.97,2.39,1.11,0.16,2.13,8.82,2019-2020
Mallorca,358.3,51.7,15.2,0.47,3.13,17.9,20.9,4.50,1.68,1.58,0.00,1.53,8.55,2019-2020
Osasuna,362.8,53.6,14.0,0.42,5.05,19.9,24.4,4.74,1.76,1.89,0.03,2.11,8.32,2019-2020
Real Madrid,574.4,47.9,14.1,1.55,11.7,20.4,20.7,5.05,1.34,1.79,0.00,2.21,8.63,2019-2020
Real Sociedad,478.2,52.1,15.7,1.42,3.03,18.9,22.8,4.76,2.61,0.87,0.05,2.05,9.89,2019-2020
Sevilla,517.7,51.8,14.6,0.79,10.1,23.2,22.0,5.95,1.89,2.08,0.16,2.42,9.21,2019-2020
Valencia,428.5,49.3,15.6,1.21,6.26,17.8,18.1,4.45,1.42,1.84,0.21,2.63,6.76,2019-2020
Valladolid,352.3,52.3,15.1,0.63,5.63,17.0,21.2,4.24,1.63,1.47,0.00,2.13,7.71,2019-2020
Villarreal,476.3,49.4,13.4,1.11,7.03,16.3,21.2,3.89,1.39,1.50,0.00,1.87,7.63,2019-2020
Alaves,325.7,51.0,15.7,0.29,3.79,17.0,21.1,3.74,1.11,1.79,0.11,1.92,6.97,2020-2021
Athletic Club,414.2,53.3,14.8,0.34,5.26,21.4,24.2,5.18,1.71,1.92,0.08,2.03,9.92,2020-2021
Atletico de Madrid,495.2,46.5,12.6,1.21,4.50,15.7,19.3,5.16,1.42,2.58,0.00,2.53,7.95,2020-2021
Barcelona,702.9,44.4,14.1,1.53,2.84,13.0,16.9,5.71,1.79,0.92,0.00,2.37,8.95,2020-2021
Betis,466.3,49.8,15.7,0.47,4.29,15.4,20.4,4.84,1.26,2.16,0.05,1.71,8.45,2020-2021
Cadiz,265.6,50.5,15.4,0.39,3.53,19.2,19.4,3.92,1.47,2.05,0.03,1.47,7.42,2020-2021
Celta Vigo,457.9,48.7,14.6,0.87,3.82,13.7,20.1,3.29,1.11,1.63,0.05,1.71,7.84,2020-2021
Eibar,389.1,53.6,13.4,0.13,6.39,27.7,26.1,5.18,2.47,2.58,0.00,1.76,8.55,2020-2021
Elche,399.2,48.3,14.1,0.21,4.39,17.7,18.8,3.61,1.37,1.58,0.03,1.34,8.47,2020-2021
Getafe,308.8,54.1,15.7,0.18,5.53,21.4,25.6,3.76,1.87,0.95,0.00,1.95,8.47,2020-2021
Granada,298.2,50.6,13.3,0.45,3.03,16.1,22.9,3.37,1.50,1.03,0.03,2.16,8.76,2020-2021
Huesca,406.6,50.8,15.7,0.24,5.18,21.7,20.7,4.11,1.55,1.53,0.03,2.66,8.45,2020-2021
Levante,426.9,48.0,13.4,0.61,4.68,18.3,20.2,4.55,1.61,1.08,0.00,1.82,9.74,2020-2021
Osasuna,345.2,48.6,13.4,0.16,5.11,18.4,21.9,3.08,1.16,1.42,0.03,1.76,7.39,2020-2021
Real Madrid,585.5,47.0,13.2,0.84,9.24,20.3,20.0,5.89,1.84,1.71,0.03,2.26,9.11,2020-2021
Real Sociedad,448.7,48.9,14.3,1.05,2.71,18.7,21.7,5.16,2.29,2.16,0.03,2.26,9.71,2020-2021
Sevilla,553.3,46.8,13.6,0.71,10.1,19.2,21.0,4.39,0.92,1.71,0.00,1.82,7.92,2020-2021
Valencia,382.8,48.5,15.4,0.58,5.74,16.1,17.5,4.29,1.53,1.34,0.05,2.37,7.82,2020-2021
Valladolid,351.9,51.0,15.0,0.53,5.08,19.6,20.9,3.82,1.39,1.03,0.03,1.97,8.21,2020-2021
Villarreal,506.4,47.3,14.2,1.24,4.68,15.2,18.7,4.21,1.53,0.87,0.03,2.32,9.16,2020-2021
Alaves,319.5,51.6,14.3,0.71,4.95,19.9,21.7,3.66,1.42,1.66,0.03,1.89,8.16,2021-2022
Athletic Club,399.9,52.6,14.5,1.11,4.84,21.0,23.2,5.89,1.37,2.68,0.00,2.34,8.74,2021-2022
Atletico de Madrid,449.5,50.8,14.1,2.11,6.00,18.5,21.9,5.29,1.89,2.18,0.00,2.24,7.84,2021-2022
Barcelona,607.7,47.7,14.9,2.37,5.08,21.0,18.7,5.76,1.84,2.16,0.00,2.61,8.13,2021-2022
Betis,460.9,48.9,15.4,1.74,4.76,14.4,19.7,4.58,1.47,2.05,0.00,1.87,8.16,2021-2022
Cadiz,327.9,49.6,13.4,0.97,4.82,22.8,20.9,4.76,2.08,1.66,0.03,1.82,8.21,2021-2022
Celta Vigo,488.9,50.8,13.2,1.58,4.45,20.2,23.6,4.39,2.13,1.58,0.03,2.18,9.47,2021-2022
Elche,390.0,51.1,15.6,0.89,4.74,18.9,20.1,4.08,1.66,1.84,0.03,1.95,8.82,2021-2022
Espanyol,394.8,48.6,15.5,0.76,5.16,16.5,17.3,4.53,1.71,1.76,0.03,1.84,7.55,2021-2022
Getafe,332.2,50.8,15.2,0.45,5.11,16.3,22.2,3.58,1.71,1.53,0.00,1.39,7.87,2021-2022
Granada,338.3,51.9,14.3,0.74,3.74,18.2,20.8,4.18,1.84,1.58,0.03,1.63,7.76,2021-2022
Levante,381.8,48.3,12.6,1.32,4.82,16.4,20.2,4.42,1.53,2.00,0.08,2.03,8.18,2021-2022
Mallorca,342.7,50.9,15.1,1.16,2.97,15.7,20.7,4.18,1.68,0.89,0.13,1.76,8.18,2021-2022
Osasuna,380.8,52.3,12.4,0.42,5.13,22.7,24.5,4.71,1.61,2.61,0.11,1.74,8.13,2021-2022
Rayo Vallecano,390.3,53.2,14.6,1.00,4.24,22.7,23.8,5.00,2.00,2.00,0.11,2.18,8.45,2021-2022
Real Madrid,597.5,44.9,12.9,1.87,8.13,16.1,16.8,5.74,2.13,1.32,0.00,2.79,8.24,2021-2022
Real Sociedad,456.1,49.9,14.1,1.18,2.53,16.8,21.8,4.89,2.08,2.08,0.03,2.00,9.26,2021-2022
Sevilla,533.3,49.7,13.8,0.97,8.21,20.7,22.2,4.61,0.29,3.26,0.05,2.11,8.03,2021-2022
Valencia,307.5,53.7,17.5,0.84,5.97,20.1,21.3,4.61,1.92,1.66,0.08,1.37,7.61,2021-2022
Villarreal,485.1,49.3,15.3,2.37,4.37,15.1,19.4,5.26,2.42,1.16,0.05,2.39,10.4,2021-2022
Almeria,364.9,50.2,14.5,1.29,3.47,15.9,19.7,3.87,1.53,1.55,0.03,2.18,8.11,2022-2023
Athletic Club,436.7,51.1,13.2,1.16,5.03,24.2,22.0,6.76,1.74,3.24,0.03,2.53,10.2,2022-2023
Atletico de Madrid,490.3,46.8,12.9,2.18,5.08,16.4,18.5,4.82,2.55,1.21,0.00,2.08,9.08,2022-2023
Barcelona,600.9,47.3,14.9,3.50,5.39,19.6,18.7,6.42,2.16,2.18,0.05,2.58,8.95,2022-2023
Betis,427.8,50.5,16.7,1.63,3.61,13.5,19.5,4.00,1.21,2.00,0.03,1.95,9.89,2022-2023
Cadiz,316.4,48.7,14.4,0.76,3.95,16.7,19.7,3.82,1.71,1.24,0.08,1.97,7.82,2022-2023
Celta Vigo,434.1,50.6,14.7,1.16,4.24,18.6,21.1,4.84,1.71,2.32,0.03,2.13,7.89,2022-2023
Elche,362.3,50.2,13.0,0.63,4.32,19.7,20.8,5.37,1.89,2.18,0.21,2.13,10.3,2022-2023
Espanyol,333.8,51.3,15.1,0.89,3.03,18.8,19.6,4.71,1.97,1.58,0.08,1.63,7.84,2022-2023
Getafe,318.9,50.8,13.8,0.47,4.26,17.1,22.6,3.13,1.53,1.42,0.03,2.08,8.76,2022-2023
Girona,437.7,49.6,15.2,0.84,3.55,18.8,19.5,3.82,1.74,1.39,0.03,2.29,8.39,2022-2023
Mallorca,328.5,44.8,13.1,0.76,3.95,16.7,17.1,3.66,1.29,1.79,0.00,2.03,8.05,2022-2023
Osasuna,392.1,49.3,13.8,0.68,5.18,20.9,21.0,4.18,1.68,1.71,0.08,1.58,9.08,2022-2023
Rayo Vallecano,408.3,54.1,14.8,0.76,5.11,21.9,23.7,4.97,2.05,1.82,0.03,2.58,9.61,2022-2023
Real Madrid,609.6,46.3,14.6,1.71,6.37,15.1,17.2,5.95,2.18,1.39,0.03,2.34,9.29,2022-2023
Real Sociedad,453.8,47.3,14.1,1.24,2.82,14.2,20.6,4.34,1.50,1.87,0.03,2.39,8.53,2022-2023
Sevilla,453.8,48.5,13.8,0.95,5.50,21.8,19.6,4.58,1.11,2.13,0.03,2.79,8.08,2022-2023
Valencia,405.4,52.8,15.0,1.03,4.32,24.3,22.4,5.95,1.76,2.32,0.00,2.11,9.08,2022-2023
Valladolid,377.3,52.4,15.2,0.87,5.92,18.0,20.7,4.47,1.29,2.39,0.08,2.58,9.61,2022-2023
Villarreal,473.2,47.2,15.1,2.26,4.89,13.7,16.9,5.53,2.53,1.03,0.11,2.29,9.13,2022-2023
Alaves,319.3,50.4,13.3,0.76,3.26,21.8,21.1,4.92,1.18,1.95,0.11,1.82,9.79,2023-2024
Almeria,383.1,50.2,14.6,0.92,2.95,17.3,19.5,4.39,1.68,1.66,0.00,1.97,8.42,2023-2024
Athletic Club,440.7,50.0,13.9,1.84,2.92,22.2,21.5,5.47,2.08,2.34,0.00,2.05,9.58,2023-2024
Atletico de Madrid,496.6,45.2,12.9,2.00,4.71,16.3,17.8,4.58,1.55,1.95,0.00,3.24,9.03,2023-2024
Barcelona,600.1,48.9,15.1,2.58,5.26,17.1,18.7,6.26,2.50,2.16,0.05,2.61,8.82,2023-2024
Betis,446.9,50.6,15.9,1.13,3.63,16.7,19.5,5.71,2.18,2.26,0.05,1.92,10.0,2023-2024
Cadiz,341.7,50.4,14.7,0.63,3.42,20.8,19.8,4.47,1.66,2.11,0.00,2.37,8.00,2023-2024
Celta Vigo,416.9,49.2,13.8,1.66,2.95,17.4,20.0,4.76,1.71,2.00,0.03,1.66,10.0,2023-2024
Getafe,346.8,50.9,15.1,0.53,5.89,18.4,21.1,3.76,2.00,0.97,0.03,2.05,8.24,2023-2024
Girona,529.7,44.5,13.5,1.47,4.53,18.4,16.4,4.18,1.61,1.76,0.03,2.50,8.26,2023-2024
Granada,366.7,51.8,16.2,1.21,2.53,17.5,20.9,3.92,1.47,1.34,0.03,1.97,9.08,2023-2024
Las Palmas,549.1,50.6,17.2,1.74,2.18,15.3,20.0,4.18,1.53,1.45,0.03,2.45,10.3,2023-2024
Mallorca,361.6,47.4,11.7,1.34,3.11,20.1,20.3,4.55,1.50,2.26,0.18,2.74,8.63,2023-2024
Osasuna,402.9,51.5,13.7,0.50,3.26,21.4,22.8,4.47,2.18,1.79,0.03,1.79,10.1,2023-2024
Rayo Vallecano,404.0,52.9,15.3,1.13,3.71,18.1,22.6,4.45,2.03,1.39,0.05,2.53,8.76,2023-2024
Real Madrid,601.1,46.6,14.6,2.45,5.89,16.3,17.1,5.55,1.74,2.26,0.00,2.08,7.50,2023-2024
Real Sociedad,455.8,48.4,14.1,1.26,3.21,17.7,21.8,5.21,2.71,1.58,0.00,2.42,8.95,2023-2024
Sevilla,438.0,49.4,13.5,0.74,5.42,24.6,21.2,4.74,1.89,2.00,0.00,2.03,9.39,2023-2024
Valencia,375.9,50.0,14.5,0.95,2.92,15.6,22.8,3.26,0.61,1.24,0.03,1.82,9.87,2023-2024
Villarreal,439.7,48.3,14.2,1.82,3.76,15.6,17.5,4.58,1.97,1.50,0.05,2.42,8.82,2023-2024
