Equipo,Derribos Tkl,Derribos TklG,Derribos 3.º def.,Derribos 3.º cent.,Derribos 3.º ataq.,Desafíos Tkl,Desafíos Att,Desafíos Tkl%,Desafíos Pérdida,Bloqueos,Bloqueos Dis,Bloqueos Pases,Intercepciones,Tkl+Int,Desp.,Err,Temporada
Alaves,18.5,12.2,9.58,6.97,1.92,7.03,17.4,40.3,10.4,10.7,3.50,7.21,13.1,31.6,25.8,0.29,2017-2018
Athletic Club,19.4,12.8,9.45,8.00,2.00,7.79,19.3,40.3,11.6,11.4,2.71,8.66,12.2,31.7,21.6,0.24,2017-2018
Atletico de Madrid,24.1,16.2,11.6,9.79,2.71,9.92,22.3,44.5,12.4,12.2,3.39,8.76,13.5,37.6,23.3,0.11,2017-2018
Barcelona,16.6,10.9,7.39,6.89,2.26,6.03,14.5,41.5,8.50,9.63,2.71,6.92,11.2,27.7,13.8,0.26,2017-2018
Betis,16.7,11.2,8.39,6.63,1.68,5.61,14.1,39.7,8.53,9.37,2.50,6.87,11.2,27.9,22.9,0.45,2017-2018
Celta Vigo,15.5,11.1,8.00,6.11,1.39,5.74,14.6,39.2,8.89,8.61,2.66,5.95,13.1,28.6,20.5,0.26,2017-2018
Eibar,16.9,11.5,7.13,7.42,2.37,6.79,16.1,42.1,9.34,9.18,1.39,7.79,14.6,31.5,18.7,0.24,2017-2018
Espanyol,18.8,13.2,9.39,7.32,2.13,7.13,18.4,38.7,11.3,9.53,3.05,6.47,13.6,32.4,23.7,0.24,2017-2018
Getafe,18.8,12.9,9.71,7.03,2.08,7.26,19.3,37.7,12.0,9.21,1.82,7.39,12.8,31.6,23.7,0.13,2017-2018
Girona,16.1,10.6,7.87,6.68,1.53,6.32,15.9,39.6,9.63,8.66,2.21,6.45,12.9,29.0,22.6,0.16,2017-2018
Deportivo de La Coruna,19.2,13.2,10.2,7.42,1.58,7.68,17.9,43.0,10.2,10.3,2.97,7.32,12.7,31.9,24.8,0.34,2017-2018
Las Palmas,17.2,11.4,8.55,7.08,1.58,7.05,17.0,41.4,9.97,9.66,2.95,6.71,13.4,30.6,18.8,0.55,2017-2018
Leganes,19.0,12.7,9.21,8.08,1.68,8.50,18.3,46.3,9.84,9.50,2.29,7.21,15.3,34.3,20.4,0.24,2017-2018
Levante,16.2,10.9,8.63,5.84,1.74,6.29,16.4,38.2,10.2,10.4,3.34,7.05,12.6,28.8,21.3,0.24,2017-2018
Malaga,19.6,13.4,10.1,7.26,2.26,7.16,18.6,38.5,11.4,9.53,2.66,6.87,13.1,32.7,23.4,0.08,2017-2018
Real Madrid,18.1,12.4,8.34,7.24,2.50,6.63,16.3,40.6,9.71,9.53,2.18,7.34,11.2,29.2,14.1,0.42,2017-2018
Real Sociedad,14.4,9.84,6.55,6.00,1.84,5.97,14.1,42.4,8.13,9.66,2.39,7.26,11.7,26.1,17.5,0.16,2017-2018
Sevilla,20.2,14.1,9.32,8.55,2.34,7.79,18.0,43.2,10.2,11.0,3.00,8.03,10.8,31.0,22.3,0.45,2017-2018
Valencia,19.6,12.9,10.7,7.03,1.87,8.13,18.2,44.7,10.1,10.9,2.84,8.11,12.1,31.7,23.9,0.24,2017-2018
Villarreal,18.7,12.3,9.37,7.32,2.03,7.29,18.4,39.6,11.1,11.8,3.45,8.32,11.2,29.9,26.9,0.18,2017-2018
Alaves,17.0,10.2,9.26,6.00,1.74,6.68,15.7,42.7,8.97,11.0,3.08,7.95,10.3,27.3,28.1,0.34,2018-2019
Athletic Club,16.9,10.1,8.18,6.45,2.29,6.45,17.0,37.9,10.6,10.9,2.45,8.45,11.9,28.8,21.4,0.18,2018-2019
Atletico de Madrid,20.6,12.8,10.6,7.84,2.21,8.39,18.4,45.6,10.0,9.84,2.47,7.37,12.2,32.8,22.0,0.32,2018-2019
Barcelona,14.1,9.11,5.74,6.11,2.29,5.95,12.9,45.9,7.00,9.47,2.66,6.82,10.3,24.4,14.9,0.42,2018-2019
Betis,16.2,9.95,8.13,5.97,2.08,5.76,14.3,40.3,8.55,10.1,2.11,7.95,9.50,25.7,18.5,0.55,2018-2019
Celta Vigo,16.7,9.92,9.58,5.61,1.50,6.79,14.8,45.9,8.00,10.0,2.76,7.24,10.1,26.7,23.4,0.50,2018-2019
Eibar,16.8,11.2,6.26,7.61,2.89,6.32,14.8,42.6,8.50,9.39,1.39,8.00,9.68,26.4,18.0,0.26,2018-2019
Espanyol,17.2,10.4,8.53,6.42,2.29,6.92,18.0,38.5,11.1,10.6,3.53,7.05,10.7,28.0,25.0,0.37,2018-2019
Getafe,15.9,9.42,6.47,7.39,2.03,6.71,16.2,41.3,9.53,11.1,2.13,8.97,11.9,27.8,23.4,0.39,2018-2019
Girona,16.1,9.66,8.13,6.50,1.50,6.95,16.7,41.5,9.79,10.6,3.26,7.29,11.4,27.5,24.4,0.37,2018-2019
Huesca,18.7,11.9,9.55,7.63,1.55,7.97,18.3,43.7,10.3,10.9,2.82,8.08,11.6,30.3,25.1,0.32,2018-2019
Leganes,16.0,10.1,8.55,5.82,1.66,5.97,15.3,39.1,9.32,8.66,2.21,6.45,11.4,27.4,23.9,0.26,2018-2019
Levante,15.1,9.79,8.11,5.16,1.79,6.95,19.0,36.6,12.1,12.0,3.97,8.00,11.1,26.2,22.2,0.32,2018-2019
Rayo Vallecano,17.1,11.1,9.71,5.87,1.55,6.76,15.6,43.4,8.82,10.2,2.03,8.18,11.4,28.5,24.5,0.42,2018-2019
Real Madrid,16.5,10.4,7.03,6.66,2.79,6.45,16.6,39.0,10.1,9.84,2.05,7.79,9.82,26.3,15.8,0.29,2018-2019
Real Sociedad,15.2,9.05,7.87,5.76,1.61,6.53,15.4,42.5,8.84,11.7,2.87,8.82,11.2,26.4,22.2,0.50,2018-2019
Sevilla,15.7,10.7,7.58,6.24,1.92,5.34,13.5,39.6,8.16,9.74,3.00,6.74,9.61,25.3,21.5,0.39,2018-2019
Valencia,15.7,10.1,7.87,6.00,1.87,6.26,15.5,40.5,9.21,11.8,3.16,8.61,11.0,26.7,22.6,0.32,2018-2019
Valladolid,18.8,11.6,9.71,6.97,2.11,7.37,17.8,41.3,10.5,10.9,2.97,7.89,10.2,29.0,23.0,0.42,2018-2019
Villarreal,17.6,10.9,8.76,6.71,2.08,7.18,17.3,41.4,10.2,10.7,3.74,6.95,10.3,27.8,23.1,0.32,2018-2019
Alaves,15.2,9.11,6.87,6.97,1.39,6.71,16.3,41.2,9.58,10.1,3.00,7.13,10.3,25.6,20.2,0.18,2019-2020
Athletic Club,14.0,8.53,6.89,5.37,1.76,5.71,16.1,35.4,10.4,8.92,2.42,6.50,9.82,23.8,19.9,0.18,2019-2020
Atletico de Madrid,17.3,10.7,7.71,7.16,2.45,7.45,16.8,44.2,9.39,10.0,2.84,7.16,10.8,28.2,19.2,0.47,2019-2020
Barcelona,14.1,8.50,5.68,5.87,2.55,5.55,13.2,42.1,7.63,8.24,2.29,5.95,9.00,23.1,13.9,0.42,2019-2020
Betis,13.2,7.87,7.26,4.55,1.37,5.82,13.4,43.2,7.63,8.84,3.13,5.71,7.95,21.1,17.9,0.21,2019-2020
Celta Vigo,15.5,9.39,9.05,5.08,1.37,6.61,16.2,40.8,9.58,9.08,2.34,6.74,10.4,25.9,21.2,0.32,2019-2020
Eibar,14.9,8.89,6.32,6.00,2.61,6.95,16.0,43.5,9.03,8.74,2.13,6.61,11.3,26.2,18.2,0.21,2019-2020
Espanyol,16.5,9.58,7.97,6.66,1.89,6.76,18.4,36.7,11.7,10.0,2.53,7.47,9.47,26.0,19.2,0.45,2019-2020
Getafe,15.3,8.97,6.18,6.92,2.16,6.18,15.1,41.0,8.89,9.84,1.58,8.26,9.66,24.9,16.4,0.32,2019-2020
Granada,15.4,9.18,6.76,6.76,1.84,6.26,15.0,41.8,8.74,9.87,3.11,6.76,10.1,25.4,19.7,0.26,2019-2020
Leganes,15.9,9.39,8.34,5.66,1.87,6.68,16.1,41.6,9.37,8.42,1.92,6.50,11.0,26.9,18.1,0.18,2019-2020
Levante,13.3,7.58,7.39,4.55,1.39,5.37,14.0,38.3,8.63,8.34,2.82,5.53,8.71,22.1,20.1,0.37,2019-2020
Mallorca,14.3,8.89,7.37,5.61,1.37,5.97,15.8,37.7,9.87,9.47,3.08,6.39,9.89,24.2,17.7,0.24,2019-2020
Osasuna,16.1,9.50,7.24,7.03,1.87,7.03,16.2,43.3,9.21,10.1,2.58,7.55,11.0,27.1,19.4,0.50,2019-2020
Real Madrid,15.4,9.34,6.63,6.66,2.13,5.95,15.7,38.0,9.71,9.66,2.03,7.63,10.0,25.4,15.5,0.34,2019-2020
Real Sociedad,14.5,8.45,6.68,5.89,1.92,6.63,15.1,44.0,8.45,9.11,2.08,7.03,8.42,22.9,18.3,0.32,2019-2020
Sevilla,15.4,9.05,7.21,6.47,1.76,6.87,17.4,39.5,10.5,8.71,2.47,6.24,9.11,24.6,18.5,0.26,2019-2020
Valencia,13.2,8.18,7.11,4.55,1.50,6.11,15.5,39.4,9.39,8.79,3.42,5.37,9.47,22.6,19.7,0.32,2019-2020
Valladolid,14.9,8.61,8.32,5.37,1.26,6.29,17.7,35.6,11.4,10.3,2.95,7.34,10.3,25.2,19.7,0.34,2019-2020
Villarreal,14.6,8.50,6.58,6.29,1.68,5.74,15.8,36.2,10.1,9.53,3.05,6.47,8.92,23.5,21.4,0.32,2019-2020
Alaves,13.1,7.68,6.92,4.76,1.45,5.18,14.9,34.9,9.68,8.97,2.37,6.61,11.2,24.4,20.2,0.21,2020-2021
Athletic Club,12.2,7.08,5.11,5.26,1.79,4.42,13.6,32.6,9.16,8.97,1.95,7.03,9.05,21.2,18.0,0.24,2020-2021
Atletico de Madrid,16.4,9.66,7.66,6.66,2.05,7.79,16.6,46.9,8.82,9.50,2.18,7.32,10.2,26.5,17.7,0.18,2020-2021
Barcelona,13.1,7.71,5.87,5.13,2.13,5.89,13.7,42.9,7.84,8.55,1.84,6.71,9.50,22.6,11.3,0.42,2020-2021
Betis,14.6,8.29,7.21,5.82,1.61,5.55,14.6,37.9,9.08,9.53,1.95,7.58,11.9,26.6,18.1,0.29,2020-2021
Cadiz,15.1,8.34,8.03,5.68,1.37,6.50,16.0,40.7,9.47,9.68,2.61,7.08,11.5,26.6,20.7,0.21,2020-2021
Celta Vigo,17.4,9.68,8.74,6.82,1.87,6.26,18.3,34.3,12.0,10.5,2.34,8.16,10.7,28.1,19.8,0.32,2020-2021
Eibar,13.5,8.13,6.00,5.37,2.16,5.34,13.6,39.2,8.29,9.47,1.66,7.82,11.4,24.9,15.6,0.29,2020-2021
Elche,14.5,8.84,8.53,4.97,1.00,5.53,15.2,36.4,9.66,9.39,2.55,6.84,10.2,24.7,18.1,0.26,2020-2021
Getafe,15.2,9.26,6.11,7.26,1.87,6.34,16.3,38.9,9.95,9.50,1.39,8.11,10.3,25.6,16.2,0.11,2020-2021
Granada,13.1,7.34,5.95,5.61,1.58,4.87,12.3,39.5,7.45,10.2,3.37,6.84,10.3,23.4,20.1,0.18,2020-2021
Huesca,14.6,8.45,8.13,5.03,1.47,6.29,15.2,41.3,8.95,9.00,2.18,6.82,11.5,26.1,16.2,0.18,2020-2021
Levante,13.4,7.42,7.05,4.95,1.45,5.47,14.3,38.3,8.82,8.82,2.45,6.37,11.4,24.9,17.9,0.39,2020-2021
Osasuna,13.8,7.39,5.87,5.71,2.21,5.89,14.5,40.6,8.63,9.18,2.63,6.55,10.3,24.1,20.4,0.18,2020-2021
Real Madrid,14.0,8.37,7.00,4.95,2.03,5.05,14.0,36.1,8.95,9.05,2.18,6.87,10.5,24.4,14.3,0.32,2020-2021
Real Sociedad,14.4,8.47,6.32,5.97,2.11,5.26,12.6,41.7,7.37,9.29,2.53,6.76,8.29,22.7,14.8,0.13,2020-2021
Sevilla,12.9,7.82,5.79,5.26,1.89,4.84,13.4,36.1,8.58,8.16,2.37,5.79,9.53,22.5,16.7,0.26,2020-2021
Valencia,12.2,7.29,6.34,4.29,1.55,5.21,15.6,33.4,10.4,9.79,3.24,6.55,10.3,22.5,20.7,0.32,2020-2021
Valladolid,14.7,8.45,7.50,5.47,1.74,6.50,17.9,36.3,11.4,9.97,2.68,7.29,11.3,26.1,21.4,0.24,2020-2021
Villarreal,14.2,8.24,6.74,5.39,2.05,6.29,15.5,40.6,9.18,9.42,2.66,6.76,9.76,23.9,16.8,0.45,2020-2021
Alaves,14.5,8.53,7.13,5.82,1.53,6.89,16.8,41.1,9.87,9.82,2.79,7.03,9.89,24.4,23.4,0.18,2021-2022
Athletic Club,13.4,7.68,5.71,5.68,1.97,5.89,15.3,38.5,9.42,10.8,3.37,7.45,8.92,22.3,20.7,0.21,2021-2022
Atletico de Madrid,16.7,9.11,7.63,7.34,1.76,7.71,16.3,47.3,8.58,9.79,2.58,7.21,9.61,26.3,17.1,0.37,2021-2022
Barcelona,15.4,8.71,6.21,7.11,2.13,6.42,13.0,49.5,6.55,9.11,2.24,6.87,8.55,24.0,12.3,0.45,2021-2022
Betis,17.4,10.3,8.47,6.87,2.08,8.53,18.3,46.6,9.76,10.2,2.95,7.21,9.50,26.9,20.4,0.29,2021-2022
Cadiz,17.0,10.0,9.11,6.26,1.66,7.92,18.7,42.3,10.8,10.3,2.79,7.47,10.9,27.9,20.2,0.13,2021-2022
Celta Vigo,18.3,10.8,8.53,7.34,2.45,7.53,20.1,37.5,12.5,11.1,2.39,8.74,9.89,28.2,16.7,0.29,2021-2022
Elche,15.5,8.55,8.82,5.03,1.66,7.05,16.4,43.1,9.32,9.66,3.32,6.34,8.03,23.5,20.2,0.37,2021-2022
Espanyol,14.7,8.89,8.11,5.16,1.39,7.24,17.0,42.6,9.76,9.47,3.00,6.47,8.58,23.2,23.5,0.53,2021-2022
Getafe,15.4,9.47,7.00,6.39,2.05,6.53,15.6,41.8,9.11,10.5,2.53,8.00,10.6,26.0,18.9,0.21,2021-2022
Granada,16.1,9.03,8.16,6.32,1.61,7.21,16.6,43.4,9.42,11.5,3.42,8.08,8.58,24.7,22.1,0.21,2021-2022
Levante,14.7,8.03,7.05,5.58,2.05,6.24,16.1,38.8,9.84,8.58,2.89,5.68,9.92,24.6,19.3,0.32,2021-2022
Mallorca,16.0,8.74,7.92,6.18,1.87,6.53,14.5,45.0,7.97,9.84,3.13,6.71,9.05,25.0,21.7,0.24,2021-2022
Osasuna,15.2,8.71,7.11,6.21,1.87,6.61,15.7,42.0,9.13,8.95,3.03,5.92,9.68,24.9,19.9,0.13,2021-2022
Rayo Vallecano,16.3,9.45,8.42,6.24,1.68,7.37,18.1,40.7,10.7,10.8,2.50,8.29,9.61,25.9,18.1,0.24,2021-2022
Real Madrid,14.7,9.08,7.39,5.13,2.21,5.55,13.2,42.0,7.66,9.97,3.00,6.97,8.79,23.5,13.8,0.45,2021-2022
Real Sociedad,15.4,8.92,7.13,6.16,2.13,6.84,14.4,47.6,7.53,10.1,2.76,7.29,9.16,24.6,18.5,0.16,2021-2022
Sevilla,14.1,7.95,6.63,5.55,1.87,6.21,14.3,43.5,8.05,9.66,3.26,6.39,7.11,21.2,15.9,0.47,2021-2022
Valencia,15.6,9.58,7.61,5.71,2.24,7.00,16.4,42.7,9.39,9.82,2.45,7.37,8.92,24.5,19.6,0.21,2021-2022
Villarreal,14.2,8.21,6.58,5.18,2.39,6.03,12.5,48.1,6.50,8.68,2.87,5.82,8.66,22.8,16.9,0.42,2021-2022
Almeria,14.7,8.47,7.68,5.32,1.66,7.37,16.4,44.9,9.03,11.4,3.21,8.24,8.47,23.1,22.5,0.34,2022-2023
Athletic Club,16.0,9.71,7.03,6.68,2.29,8.47,16.9,50.2,8.42,10.9,2.50,8.42,8.16,24.2,15.7,0.37,2022-2023
Atletico de Madrid,17.6,10.7,8.74,6.45,2.37,8.79,18.0,48.8,9.24,10.4,2.71,7.71,8.00,25.6,18.5,0.24,2022-2023
Barcelona,13.7,8.53,5.55,5.68,2.50,5.97,13.1,45.6,7.13,9.29,2.16,7.13,6.66,20.4,11.6,0.45,2022-2023
Betis,17.5,11.1,9.82,6.26,1.42,8.89,18.4,48.2,9.55,10.8,2.95,7.87,9.58,27.1,22.6,0.18,2022-2023
Cadiz,16.4,10.8,9.42,5.39,1.58,8.42,17.7,47.7,9.24,11.2,3.37,7.82,7.11,23.5,22.4,0.34,2022-2023
Celta Vigo,17.5,10.9,8.39,7.08,2.00,7.76,17.8,43.6,10.0,10.3,2.21,8.13,9.68,27.2,17.5,0.13,2022-2023
Elche,16.7,9.55,9.66,5.58,1.42,7.37,15.9,46.4,8.50,10.9,3.45,7.42,8.50,25.2,20.2,0.34,2022-2023
Espanyol,17.2,9.97,8.68,6.29,2.18,7.92,15.8,50.2,7.87,10.9,3.53,7.42,8.89,26.1,20.7,0.24,2022-2023
Getafe,14.2,8.92,7.42,5.24,1.58,7.50,16.3,46.0,8.79,10.6,2.97,7.66,8.42,22.7,20.9,0.26,2022-2023
Girona,14.5,8.45,7.13,5.61,1.76,6.42,14.0,45.9,7.58,9.97,2.92,7.05,7.00,21.5,17.4,0.53,2022-2023
Mallorca,15.3,9.05,8.37,5.61,1.37,7.45,15.3,48.7,7.84,10.6,3.84,6.74,8.37,23.7,22.6,0.18,2022-2023
Osasuna,14.1,8.63,6.74,5.16,2.16,7.00,15.5,45.2,8.47,10.3,2.55,7.76,8.29,22.3,19.7,0.26,2022-2023
Rayo Vallecano,16.7,10.3,6.89,7.26,2.58,7.39,17.5,42.3,10.1,11.3,2.42,8.84,8.13,24.9,17.9,0.29,2022-2023
Real Madrid,14.3,9.29,6.37,5.58,2.32,6.82,14.9,45.8,8.05,9.61,2.76,6.84,7.79,22.1,12.3,0.13,2022-2023
Real Sociedad,17.4,10.4,8.00,6.68,2.68,7.50,16.1,46.5,8.63,10.5,2.71,7.79,7.13,24.5,16.4,0.34,2022-2023
Sevilla,15.4,9.66,6.87,6.05,2.53,7.39,15.6,47.5,8.16,9.50,3.34,6.16,8.92,24.4,16.7,0.24,2022-2023
Valencia,17.8,11.3,8.95,6.68,2.21,8.18,17.0,48.2,8.79,9.74,1.97,7.76,7.58,25.4,16.9,0.55,2022-2023
Valladolid,17.7,10.4,8.79,6.61,2.26,7.79,16.5,47.1,8.74,11.4,3.92,7.45,9.08,26.7,20.2,0.21,2022-2023
Villarreal,15.2,9.74,7.26,5.29,2.66,7.11,14.1,50.6,6.95,9.79,3.29,6.50,6.89,22.1,18.2,0.42,2022-2023
Alaves,15.2,9.13,7.47,5.97,1.76,7.63,16.6,46.1,8.92,9.55,3.08,6.47,7.34,22.6,21.3,0.13,2023-2024
Almeria,16.7,9.79,9.32,5.84,1.50,7.37,15.3,48.1,7.95,11.3,3.53,7.79,8.24,24.9,22.5,0.50,2023-2024
Athletic Club,15.3,9.53,5.71,6.95,2.63,8.03,16.7,48.0,8.68,11.0,2.79,8.24,7.32,22.6,16.6,0.11,2023-2024
Atletico de Madrid,17.2,10.5,8.11,6.92,2.18,8.61,17.7,48.7,9.05,12.1,3.00,9.11,6.74,23.9,20.9,0.21,2023-2024
Barcelona,15.0,9.55,7.13,5.87,2.03,6.39,13.8,46.5,7.37,9.55,2.55,7.00,6.76,21.8,15.1,0.45,2023-2024
Betis,18.2,11.6,8.03,7.89,2.29,9.42,18.0,52.4,8.55,11.1,2.66,8.45,9.08,27.3,21.1,0.24,2023-2024
Cadiz,17.7,10.5,8.89,6.95,1.82,8.97,19.2,46.8,10.2,11.7,3.24,8.42,7.84,25.5,20.7,0.34,2023-2024
Celta Vigo,16.5,10.1,7.95,6.39,2.16,8.11,17.4,46.5,9.32,11.4,3.05,8.37,7.82,24.3,21.9,0.24,2023-2024
Getafe,16.0,9.58,7.08,6.61,2.32,7.66,15.2,50.4,7.53,9.00,2.71,6.29,8.08,24.1,19.2,0.16,2023-2024
Girona,14.3,8.95,6.95,5.84,1.53,7.21,13.7,52.6,6.50,9.95,3.26,6.68,6.76,21.1,17.4,0.55,2023-2024
Granada,16.8,9.84,8.84,6.24,1.68,7.61,16.4,46.4,8.79,10.6,2.89,7.74,7.37,24.1,20.5,0.68,2023-2024
Las Palmas,17.4,10.4,8.63,6.92,1.87,8.03,16.7,48.2,8.63,10.9,2.58,8.37,7.39,24.8,20.0,0.37,2023-2024
Mallorca,18.1,10.2,9.13,7.39,1.53,8.95,17.3,51.8,8.34,9.71,3.45,6.26,9.61,27.7,20.7,0.26,2023-2024
Osasuna,13.8,8.18,6.50,5.29,2.03,6.39,13.6,47.0,7.21,10.5,2.84,7.68,6.92,20.7,19.9,0.42,2023-2024
Rayo Vallecano,16.6,9.79,7.34,7.42,1.82,7.11,16.0,44.4,8.89,10.8,2.76,8.03,8.11,24.7,20.9,0.32,2023-2024
Real Madrid,14.7,9.68,6.63,5.63,2.39,5.92,12.1,48.8,6.21,10.6,2.74,7.82,7.79,22.4,14.5,0.37,2023-2024
Real Sociedad,17.1,10.7,7.13,7.50,2.47,7.45,14.5,51.3,7.08,10.7,3.11,7.55,6.66,23.8,18.2,0.39,2023-2024
Sevilla,18.3,12.2,10.0,6.24,2.11,8.82,16.5,53.5,7.66,10.4,3.24,7.16,8.24,26.6,20.3,0.24,2023-2024
Valencia,17.3,9.97,8.82,6.58,1.89,8.13,16.3,50.0,8.13,10.3,2.76,7.55,8.53,25.8,22.2,0.24,2023-2024
Villarreal,15.2,9.16,7.58,5.58,2.00,6.84,14.0,48.9,7.16,10.2,3.42,6.74,8.00,23.2,20.8,0.32,2023-2024
